// p13 {"i":[90,178,53,0,8,3,16,1,16724,-1,7,-1,-1,6,38,0,0,0,0,0,0,0,0,0,0,0,0,16384,0,0,0,0,0,0,0,0,0,0,0,0,0,0,0,0,0,0,0,0,0,0,0,0,0,5,1,0,2,1,2,2,3345,2,3577]}
// q12 {"i":[90,178,53,0,8,3,16,1,16530,-1,7,-1,-1,6,38,0,0,0,0,0,0,0,0,0,0,0,0,0,0,0,1,0,0,0,0,0,0,0,0,0,0,0,0,0,0,0,0,0,0,0,0,0,0,5,1,0,2,1,2,2,3306,2,3577]}
// r11 {"i":[90,178,53,0,8,3,16,1,16409,-1,7,-1,-1,6,38,0,0,0,0,0,0,0,0,0,0,0,0,0,0,0,0,0,2,0,0,0,0,0,0,0,0,0,0,0,0,0,0,0,0,0,0,0,0,5,1,0,2,1,2,2,3282,2,3577]}

//white dead at q19  {"i":[90,178,53,0,8,3,16,1,12099,-1,7,-1,-1,6,38,0,1,0,0,0,0,0,0,0,0,0,0,0,0,0,0,0,0,0,0,0,0,0,0,0,0,0,0,0,0,0,0,0,0,0,0,0,0,5,1,0,2,1,2,1,2420,1,3577]}
//white dead at a19  {"i":[90,178,53,0,8,3,16,1,16566,-1,7,-1,-1,6,38,1,0,0,0,0,0,0,0,0,0,0,0,0,0,0,0,0,0,0,0,0,0,0,0,0,0,0,0,0,0,0,0,0,0,0,0,0,0,5,1,0,2,1,2,1,3313,1,3570]}
//white dead at a10  {"i":[90,178,53,0,8,3,16,1,16348,-1,7,-1,-1,6,38,0,0,0,0,0,0,0,0,0,0,0,0,0,0,0,0,0,0,1,0,0,0,0,0,0,0,0,0,0,0,0,0,0,0,0,0,0,0,5,1,0,2,1,2,1,3270,1,3570]}
//white dead at a1   {"i":[90,178,53,0,8,3,16,1,16081,-1,7,-1,-1,6,38,0,0,0,0,0,0,0,0,0,0,0,0,0,0,0,0,0,0,0,0,0,0,0,0,0,0,0,0,0,0,0,0,0,0,0,0,1,0,5,1,0,2,1,2,1,3216,1,3570]}
//white dead at k19  {"i":[90,178,53,0,8,3,16,1,15931,-1,7,-1,-1,6,38,512,0,0,0,0,0,0,0,0,0,0,0,0,0,0,0,0,0,0,0,0,0,0,0,0,0,0,0,0,0,0,0,0,0,0,0,0,0,5,1,0,2,1,2,1,3186,1,3570]}
//white dead at l9   {"i":[90,178,53,0,8,3,16,1,15676,-1,7,-1,-1,6,38,0,0,0,0,0,0,0,0,0,0,0,0,0,0,0,0,0,0,0,0,1024,0,0,0,0,0,0,0,0,0,0,0,0,0,0,0,0,0,5,1,0,2,1,2,1,3135,1,3570]}
//
//a19 a10 a1 k19 l9  {"i":[90,178,53,0,8,3,16,1,15274,-1,7,-1,-1,6,38,513,0,0,0,0,0,0,0,0,0,0,0,0,0,0,0,0,0,1,0,1024,0,0,0,0,0,0,0,0,0,0,0,0,0,0,0,1,0,5,1,0,2,1,2,1,3055,1,3570]}
//white dead at t2   {"i":[90,178,53,0,8,3,16,1,13487,-1,7,-1,-1,6,38,0,0,0,0,0,0,0,0,0,0,0,0,0,0,0,0,0,0,0,0,0,0,0,0,0,0,0,0,0,0,0,0,0,0,0,8,0,0,5,1,0,2,1,2,3,2697,4,3548]}

// white dead at a19 b19 {"i":[90,178,53,0,8,3,16,1,8406,-1,7,-1,-1,6,38,3,0,0,0,0,0,0,0,0,0,0,0,0,0,0,0,0,0,0,0,0,0,0,0,0,0,0,0,0,0,0,0,0,0,0,0,0,0,5,1,0,2,1,2,5,1681,6,3523]}
// white dead at d19     {"i":[90,178,53,0,8,3,16,1,8093,-1,7,-1,-1,6,38,8,0,0,0,0,0,0,0,0,0,0,0,0,0,0,0,0,0,0,0,0,0,0,0,0,0,0,0,0,0,0,0,0,0,0,0,0,0,5,1,0,2,1,2,5,1619,6,3523]}
// white dead at s19     {"i":[90,178,53,0,8,3,16,1,7970,-1,7,-1,-1,6,38,0,4,0,0,0,0,0,0,0,0,0,0,0,0,0,0,0,0,0,0,0,0,0,0,0,0,0,0,0,0,0,0,0,0,0,0,0,0,5,1,0,2,1,2,5,1594,6,3523]}
              // e15     {"i":[90,178,53,0,8,3,16,1,6609,-1,7,-1,-1,6,38,0,0,0,0,0,0,0,0,16,0,0,0,0,0,0,0,0,0,0,0,0,0,0,0,0,0,0,0,0,0,0,0,0,0,0,0,0,0,5,1,0,2,1,2,5,1322,6,3523]}
